Amphipod	Arthropod	Beetle	Bristle_Worm	Collembolla	Crane_Fly_Larva	Fingernail_Clam	Fly_Larva	Gilled_Snail	Horsefly_Larva	Insect	Insect_Pupa	Limpet	Midge_Larva	Mite	Nematode	Orb_Snail	Ostracod	Pouch_Snail	Snail	Spider	Tick	Tubifex_Worm	Water_Mite	Worm
0	0	0	0	0	0	0	0	2	0	1	0	0	0	0	0	1	17	0	0	0	0	0	0	0
0	0	0	0	0	0	0	1	3	0	0	0	0	6	0	0	0	24	0	1	0	0	0	0	0
0	0	0	0	0	0	0	0	23	0	0	0	0	0	0	1	2	7	1	0	0	0	0	0	0
0	0	0	0	0	0	0	0	24	0	0	0	2	0	0	0	1	4	0	0	0	0	0	0	0
0	0	1	0	0	0	0	0	7	0	0	0	0	0	0	0	0	1	0	15	0	0	0	0	0
0	0	0	0	0	0	0	1	9	0	1	0	0	4	0	0	4	1	2	0	0	0	0	0	0
0	0	0	0	0	0	0	0	2	0	0	0	0	0	0	4	4	0	0	0	0	0	0	0	1
0	0	0	0	0	0	0	1	7	0	1	0	0	18	0	0	0	0	0	0	0	0	0	1	2
0	0	0	0	0	0	0	1	17	0	1	0	0	0	0	0	5	14	0	8	0	0	1	0	0
0	0	0	0	0	0	0	0	12	0	0	0	0	0	0	4	11	0	0	0	0	0	0	0	0
0	0	0	0	0	0	0	0	1	0	0	0	0	0	0	0	0	0	0	0	0	0	0	0	0
0	0	0	0	0	0	0	15	1	0	0	0	0	9	0	0	1	5	0	1	0	0	0	0	0
0	0	0	0	0	0	2	0	4	0	2	0	0	3	0	0	2	0	0	3	0	0	0	0	0
0	0	0	0	0	0	0	0	3	0	0	0	0	0	0	0	0	0	0	2	0	0	0	0	0
0	0	0	0	0	0	0	0	1	0	0	0	0	1	0	0	0	80	1	5	0	0	5	0	0
0	0	0	0	0	0	0	0	1	0	0	0	0	0	0	0	0	63	2	0	0	0	0	1	0
0	0	0	0	0	0	0	0	0	0	0	0	0	0	0	0	0	50	0	0	0	0	6	0	0
0	0	0	0	0	0	0	0	6	0	0	0	1	0	0	0	7	48	17	1	0	0	3	0	0
0	0	4	0	0	0	0	0	6	0	0	0	0	0	0	0	0	8	14	0	0	0	0	0	0
0	0	0	0	0	0	2	0	6	0	0	0	0	0	0	0	1	13	0	0	0	0	0	0	0
0	0	0	0	0	0	0	0	7	0	0	0	0	0	0	0	1	2	2	0	0	0	0	0	0
0	0	1	0	0	0	0	3	16	0	3	2	0	20	0	0	0	0	1	0	0	0	0	3	0
0	0	0	1	0	0	0	0	0	0	0	0	0	0	0	0	0	4	2	0	0	0	0	0	0
0	0	0	0	0	0	0	0	1	0	0	0	0	0	0	0	2	0	0	0	0	0	1	0	0
0	0	0	0	0	0	0	0	0	0	0	0	0	0	0	0	1	4	1	0	0	0	1	0	0
0	0	0	0	0	0	0	0	0	0	0	0	0	0	0	0	1	0	1	0	0	0	1	0	0
0	0	1	0	4	0	0	0	10	0	0	0	0	51	0	0	0	0	0	0	0	0	20	2	0
0	0	0	0	0	0	0	1	6	0	0	0	0	0	0	0	1	0	0	0	0	0	0	0	0
0	0	0	0	1	1	0	0	13	1	0	0	0	3	0	0	1	0	1	0	0	0	3	0	8
0	0	0	0	0	0	0	0	2	1	0	1	0	0	0	0	1	0	0	0	0	0	0	0	0
1	1	0	0	0	0	0	0	9	0	2	0	0	0	1	0	3	0	2	0	0	1	22	0	2
0	0	0	0	0	0	0	0	3	2	0	0	0	0	0	0	3	0	0	0	0	0	3	0	0
0	0	0	0	0	0	0	0	10	0	0	0	0	0	0	0	0	0	0	0	0	0	0	0	0
0	0	0	0	0	0	0	0	2	0	0	0	0	0	0	0	20	0	0	0	1	0	0	0	0
0	0	0	0	0	0	0	0	24	0	0	0	0	0	0	0	2	0	0	7	0	0	0	0	0
0	0	0	0	0	0	0	0	4	0	1	0	0	0	0	0	0	0	0	2	0	0	1	0	0
0	0	0	0	0	0	0	0	6	0	0	0	0	0	0	0	1	0	0	0	0	0	0	0	0
0	0	0	0	0	0	0	0	6	0	0	0	0	0	0	0	0	0	1	2	0	0	3	0	1
0	0	0	0	0	0	0	2	10	0	0	0	0	0	0	0	0	0	0	0	0	0	0	0	0
0	0	0	0	0	0	0	0	4	0	0	0	0	0	0	0	0	0	0	0	0	0	3	0	1
0	0	0	0	0	0	0	0	9	0	0	0	0	0	0	0	0	0	0	0	0	0	0	0	0
0	0	0	0	0	0	0	0	1	0	0	0	0	0	0	0	1	0	0	0	0	0	10	0	0
0	0	0	0	0	0	0	1	1	1	0	0	0	0	0	0	0	1	1	0	0	0	0	0	0
0	0	0	0	0	0	5	0	5	0	1	0	0	0	0	0	0	0	0	0	0	0	0	0	0
0	0	0	0	0	0	1	2	4	0	0	0	0	0	0	0	2	0	0	0	0	0	0	0	0
																								
																								
																								
																								
																								
																								
																								
																								
																								
																								
																								
																								
																								
																								
																								
																								
																								
																								
																								
																								
																								
																								
																								
																								
																								
																								
																								
																								
																								
																								
																								
																								
																								
																								
																								
																								
																								
																								
																								
																								
																								
																								
																								
																								
																								
																								
																								
																								
																								
																								
																								
																								
																								
																								
																								
																								
																								
																								
																								
Month	Site	Richness
April	A	3.671541261
April	A	4.718733586
April	B	4.716421508
April	B	3.708793324
April	C	3.68534202
April	C	6.676484547
April	D	3.582967609
April	D	5.705985896
April	E	6.740269698
April	E	2.696586924
April	F	5.711460992
April	G	5.63932624
April	G	1.378665065
July	A	5.779376051
July	A	3.762170487
July	A	1.751574502
July	B	6.773696295
July	B	3.711460992
July	B	3.676484547
July	C	3.597570396
July	C	7.743050829
July	C	2.486101658
July	D	2.27865248
July	D	3.486101658
July	D	2.089760773
July	E	5.776652943
July	E	2.519101653
July	F	8.711460992
July	F	3.378665065
July	G	9.73574263
October	A	3.582967609
October	A	0.565705518
October	B	2.681071011
October	B	2.714000332
October	C	3.519101653
October	C	1.486101658
October	D	4.610128755
October	D	1.597570396
October	E	2.519101653
October	E	0.544880387
October	F	2.597570396
October	F	4.378665065
October	G	2.582967609
October	G	3.544880387
